Neuropsychiatric Disorders,N Subjects (Male/Female),Average Age ± SD
Major Depressive Disorder (MDD),2248 (805/1443),63.4 ± 7.4
Anxiety,773 (385/388),65.3 ± 7.2
Bipolar Disorder (BD),54 (21/33),63.2 ± 5.7
Alzheimer’s Disease (AD),7 (4/3),68.6 ± 8.6
Stroke,247 (150/97),68.9 ± 9.1
Parkinson’s Disease (PD),37 (24/14),68.7 ± 5.7
Controls,"15,131 (7530/7601)",64.9 ± 7.8
